p 31.9989 19.3037 3.48158 d -0.952202 -0.1336 -0.274705 u -0.128395 0.991035 -0.0369305 r 0.276425 0 -0.961035 f 45 a 1.33333
p 31.5607 18.5721 -11.7088 d -0.98432 -0.0953559 0.148394 u -0.0942791 0.995443 0.0142901 r -0.149861 0 -0.988707 f 45 a 1.33333
p 21.0587 17.9851 -14.8988 d -0.431633 -0.059965 0.900054 u -0.0258865 0.9982 0.0540897 r -0.902021 0 -0.431693 f 45 a 1.33333
p -3.27436 17.4004 -16.751 d -0.563327 -0.0274975 0.825776 u -0.0154779 0.999622 0.0227277 r -0.826537 0 -0.562882 f 45 a 1.33333
p -29.6894 17.0334 -13.2559 d 0.915457 -0.0130006 0.402206 u 0.0119067 0.999915 0.00521989 r -0.401511 0 0.915854 f 45 a 1.33333
p -35.0662 20.0968 -3.85049 d 0.922282 -0.368599 0.116322 u 0.365738 0.929588 0.0458326 r -0.124343 0 0.992239 f 45 a 1.33333
p -15.8462 10.9737 -2.84912 d 0.887823 -0.460005 0.0128407 u 0.459962 0.887916 0.00628623 r -0.0136656 0 0.999907 f 45 a 1.33333
p -3.06577 8.60399 -2.29554 d 0.997581 -0.0554725 0.0418849 u 0.0554255 0.99846 0.00228292 r -0.041154 0 0.999153 f 45 a 1.33333
p 15.5591 7.56833 -1.51355 d 0.997581 -0.0554725 0.0418849 u 0.0554255 0.99846 0.00228292 r -0.041154 0 0.999153 f 45 a 1.33333
