p 16.6281 10.541 1.38084 d -0.961456 -0.157343 -0.22549 u -0.153215 0.987544 -0.0358049 r 0.227559 0 -0.973764 f 45 a 1.33333
p 18.2402 9.58841 -7.25668 d -0.999791 -0.0154993 -0.0133661 u -0.0154981 0.99988 -0.000194852 r 0.0125716 0 -0.999921 f 45 a 1.33333
p 12.4792 9.28217 -8.9934 d -0.638988 -0.0689452 0.766121 u -0.0441181 0.99762 0.0529815 r -0.768458 0 -0.639901 f 45 a 1.33333
p -3.7677 8.38794 -9.05378 d 0.0103311 -0.0304952 0.999481 u 0.000339473 0.999535 0.0304933 r -0.999938 0 0.011132 f 45 a 1.33333
p -9.95569 8.5471 -7.77896 d -0.781728 -0.0524758 0.621408 u -0.0410524 0.998622 0.0326866 r -0.622888 0 -0.782311 f 45 a 1.33333
p -19.5849 8.84576 -0.88336 d 0.978045 -0.0349928 -0.205436 u 0.0342397 0.999387 -0.00722046 r 0.206341 0 0.97848 f 45 a 1.33333
p -14.8385 8.64357 0.59294 d 0.876154 -0.456449 -0.154949 u 0.449411 0.889749 -0.079848 r 0.174933 0 0.98458 f 45 a 1.33333
p -7.32335 5.27831 -0.306171 d 0.997124 -0.0644551 0.0398635 u 0.0644057 0.99792 0.00252348 r -0.039151 0 0.999233 f 45 a 1.33333
p 5.6043 4.02009 0.207811 d 0.993762 -0.105801 0.0352504 u 0.105738 0.994387 0.00366641 r -0.0346537 0 0.999399 f 45 a 1.33333